0,0,1,14,-1,-1,-1,-1,-1,-1,0,-1,-1,-1,-1,-1,-1
1,0,1,14,-1,-1,-1,-1,-1,-1,0,-1,-1,-1,-1,-1,-1
2,0,1,20,-1,-1,-1,-1,-1,-1,0,-1,-1,-1,-1,-1,-1
3,3,1,9,4,4,5,5,9,17,0,3,2,4,1,5,3
4,4,0,8,-1,-1,-1,-1,-1,-1,0,-1,-1,-1,-1,-1,-1
5,4,0,7,-1,-1,-1,-1,-1,-1,0,-1,-1,-1,-1,-1,-1
6,5,1,15,-1,-1,-1,-1,-1,-1,0,-1,-1,-1,-1,-1,-1
7,5,0,10,-1,-1,-1,-1,-1,-1,0,-1,-1,-1,-1,-1,-1
8,5,0,10,-1,-1,-1,-1,-1,-1,0,-1,-1,-1,-1,-1,-1
9,5,0,11,-1,-1,-1,-1,-1,-1,0,-1,-1,-1,-1,-1,-1
10,6,0,12,-1,-1,-1,-1,-1,-1,0,-1,-1,-1,-1,-1,-1
11,6,0,12,-1,-1,-1,-1,-1,-1,0,-1,-1,-1,-1,-1,-1
12,7,0,13,-1,-1,-1,-1,-1,-1,0,-1,-1,-1,-1,-1,-1
13,8,0,15,-1,-1,-1,-1,-1,-1,0,-1,-1,-1,-1,-1,-1
14,9,0,17,-1,-1,-1,-1,-1,-1,0,-1,-1,-1,-1,-1,-1
15,9,0,22,16,16,-1,-1,-1,-1,0,0,1,-1,-1,-1,-1
16,10,0,19,-1,-1,-1,-1,-1,-1,0,-1,-1,-1,-1,-1,-1
17,10,0,19,-1,-1,-1,-1,-1,-1,0,-1,-1,-1,-1,-1,-1
18,10,1,20,-1,-1,-1,-1,-1,-1,0,-1,-1,-1,-1,-1,-1
19,11,0,21,-1,-1,-1,-1,-1,-1,0,-1,-1,-1,-1,-1,-1
20,11,0,21,-1,-1,-1,-1,-1,-1,0,-1,-1,-1,-1,-1,-1
21,12,0,23,-1,-1,-1,-1,-1,-1,0,-1,-1,-1,-1,-1,-1
22,13,1,-1,-1,-1,-1,-1,-1,-1,-1,-1,-1,-1,-1,-1,-1
23,13,1,-1,-1,-1,-1,-1,-1,-1,-1,-1,-1,-1,-1,-1,-1